Dataset: MNIST
Learning rate of S: 0.0085
Learning rate of G: 0.0004
z_dim: 128
Number of epochs:50
Step timings: [0.08, 0.4, 0.9], and scale: 0.3
epoch_ds_S: 5, and G: 1
Total queries: 125000
Attack success rate: 77.66%
Total time taken to run: 247.3148708343506
          accuracy  queries made  total queries made
epoch 1      15.16        2500.0              2500.0
epoch 2      36.23        2500.0              5000.0
epoch 3      55.37        2500.0              7500.0
epoch 4      67.52        2500.0             10000.0
epoch 5      78.12        2500.0             12500.0
epoch 6      81.45        2500.0             15000.0
epoch 7      89.74        2500.0             17500.0
epoch 8      88.86        2500.0             20000.0
epoch 9      90.92        2500.0             22500.0
epoch 10     94.09        2500.0             25000.0
epoch 11     92.75        2500.0             27500.0
epoch 12     94.79        2500.0             30000.0
epoch 13     93.69        2500.0             32500.0
epoch 14     94.66        2500.0             35000.0
epoch 15     96.11        2500.0             37500.0
epoch 16     96.05        2500.0             40000.0
epoch 17     96.13        2500.0             42500.0
epoch 18     97.21        2500.0             45000.0
epoch 19     96.89        2500.0             47500.0
epoch 20     96.92        2500.0             50000.0
epoch 21     97.57        2500.0             52500.0
epoch 22     97.79        2500.0             55000.0
epoch 23     97.82        2500.0             57500.0
epoch 24     97.99        2500.0             60000.0
epoch 25     97.89        2500.0             62500.0
epoch 26     98.00        2500.0             65000.0
epoch 27     98.06        2500.0             67500.0
epoch 28     98.13        2500.0             70000.0
epoch 29     98.02        2500.0             72500.0
epoch 30     97.98        2500.0             75000.0
epoch 31     98.08        2500.0             77500.0
epoch 32     98.26        2500.0             80000.0
epoch 33     98.15        2500.0             82500.0
epoch 34     98.11        2500.0             85000.0
epoch 35     98.17        2500.0             87500.0
epoch 36     98.21        2500.0             90000.0
epoch 37     98.23        2500.0             92500.0
epoch 38     98.41        2500.0             95000.0
epoch 39     98.31        2500.0             97500.0
epoch 40     98.14        2500.0            100000.0
epoch 41     98.33        2500.0            102500.0
epoch 42     98.24        2500.0            105000.0
epoch 43     98.44        2500.0            107500.0
epoch 44     98.43        2500.0            110000.0
epoch 45     98.39        2500.0            112500.0
epoch 46     98.40        2500.0            115000.0
epoch 47     98.38        2500.0            117500.0
epoch 48     98.46        2500.0            120000.0
epoch 49     98.47        2500.0            122500.0
epoch 50     98.41        2500.0            125000.0
-----------------------------------------------------------------------------------------------------------------------
Dataset: MNIST
Learning rate of S: 0.008327361955412864
Learning rate of G: 0.0007222586855333449
z_dim: 128
Number of epochs:50
Step timings: [0.08170446287812391, 0.6479498522799164, 0.8323928808196334], and scale: 0.3882951028871382
epoch_ds_S: 5, and G: 1
Total queries: 125000
Attack success rate: 76.27%
Total time taken to run: 193.79901003837585
          accuracy  queries made  total queries made
epoch 1      13.75        2500.0              2500.0
epoch 2      19.79        2500.0              5000.0
epoch 3      63.58        2500.0              7500.0
epoch 4      75.02        2500.0             10000.0
epoch 5      84.48        2500.0             12500.0
epoch 6      87.18        2500.0             15000.0
epoch 7      87.72        2500.0             17500.0
epoch 8      91.04        2500.0             20000.0
epoch 9      91.13        2500.0             22500.0
epoch 10     95.00        2500.0             25000.0
epoch 11     90.93        2500.0             27500.0
epoch 12     93.37        2500.0             30000.0
epoch 13     94.85        2500.0             32500.0
epoch 14     95.24        2500.0             35000.0
epoch 15     95.77        2500.0             37500.0
epoch 16     92.34        2500.0             40000.0
epoch 17     92.49        2500.0             42500.0
epoch 18     94.26        2500.0             45000.0
epoch 19     93.02        2500.0             47500.0
epoch 20     93.35        2500.0             50000.0
epoch 21     96.57        2500.0             52500.0
epoch 22     93.10        2500.0             55000.0
epoch 23     93.33        2500.0             57500.0
epoch 24     96.99        2500.0             60000.0
epoch 25     95.25        2500.0             62500.0
epoch 26     97.90        2500.0             65000.0
epoch 27     97.91        2500.0             67500.0
epoch 28     97.51        2500.0             70000.0
epoch 29     98.11        2500.0             72500.0
epoch 30     97.02        2500.0             75000.0
epoch 31     94.41        2500.0             77500.0
epoch 32     97.16        2500.0             80000.0
epoch 33     97.40        2500.0             82500.0
epoch 34     97.51        2500.0             85000.0
epoch 35     97.61        2500.0             87500.0
epoch 36     97.68        2500.0             90000.0
epoch 37     97.77        2500.0             92500.0
epoch 38     97.92        2500.0             95000.0
epoch 39     98.05        2500.0             97500.0
epoch 40     97.87        2500.0            100000.0
epoch 41     97.67        2500.0            102500.0
epoch 42     98.08        2500.0            105000.0
epoch 43     98.09        2500.0            107500.0
epoch 44     98.04        2500.0            110000.0
epoch 45     98.19        2500.0            112500.0
epoch 46     98.04        2500.0            115000.0
epoch 47     98.12        2500.0            117500.0
epoch 48     98.11        2500.0            120000.0
epoch 49     98.24        2500.0            122500.0
epoch 50     98.19        2500.0            125000.0
-----------------------------------------------------------------------------------------------------------------------
Dataset: FASHIONMNIST
Learning rate of S: 0.01
Learning rate of G: 0.001
z_dim: 128
Number of epochs:100
Step timings: [0.1, 0.5, 0.9], and scale: 0.438
epoch_ds_S: 5, and G: 1
Total queries: 500000
Attack success rate: 85.99%
Total time taken to run: 533.7312724590302
           accuracy  queries made  total queries made
epoch 1       10.94        5000.0              5000.0
epoch 2       10.92        5000.0             10000.0
epoch 3       10.06        5000.0             15000.0
epoch 4       12.62        5000.0             20000.0
epoch 5       17.56        5000.0             25000.0
epoch 6       25.50        5000.0             30000.0
epoch 7       26.84        5000.0             35000.0
epoch 8       29.65        5000.0             40000.0
epoch 9       32.55        5000.0             45000.0
epoch 10      30.69        5000.0             50000.0
epoch 11      30.91        5000.0             55000.0
epoch 12      32.20        5000.0             60000.0
epoch 13      32.98        5000.0             65000.0
epoch 14      34.62        5000.0             70000.0
epoch 15      32.80        5000.0             75000.0
epoch 16      32.71        5000.0             80000.0
epoch 17      34.99        5000.0             85000.0
epoch 18      35.77        5000.0             90000.0
epoch 19      35.74        5000.0             95000.0
epoch 20      39.04        5000.0            100000.0
epoch 21      38.46        5000.0            105000.0
epoch 22      39.05        5000.0            110000.0
epoch 23      38.24        5000.0            115000.0
epoch 24      38.97        5000.0            120000.0
epoch 25      39.92        5000.0            125000.0
epoch 26      42.24        5000.0            130000.0
epoch 27      41.34        5000.0            135000.0
epoch 28      41.78        5000.0            140000.0
epoch 29      41.21        5000.0            145000.0
epoch 30      41.14        5000.0            150000.0
epoch 31      43.20        5000.0            155000.0
epoch 32      42.50        5000.0            160000.0
epoch 33      41.74        5000.0            165000.0
epoch 34      45.53        5000.0            170000.0
epoch 35      45.80        5000.0            175000.0
epoch 36      42.41        5000.0            180000.0
epoch 37      43.46        5000.0            185000.0
epoch 38      45.04        5000.0            190000.0
epoch 39      46.14        5000.0            195000.0
epoch 40      44.65        5000.0            200000.0
epoch 41      44.17        5000.0            205000.0
epoch 42      46.01        5000.0            210000.0
epoch 43      44.73        5000.0            215000.0
epoch 44      44.19        5000.0            220000.0
epoch 45      43.32        5000.0            225000.0
epoch 46      46.23        5000.0            230000.0
epoch 47      44.51        5000.0            235000.0
epoch 48      49.32        5000.0            240000.0
epoch 49      46.74        5000.0            245000.0
epoch 50      47.24        5000.0            250000.0
epoch 51      50.10        5000.0            255000.0
epoch 52      49.81        5000.0            260000.0
epoch 53      50.50        5000.0            265000.0
epoch 54      50.26        5000.0            270000.0
epoch 55      51.05        5000.0            275000.0
epoch 56      51.90        5000.0            280000.0
epoch 57      50.42        5000.0            285000.0
epoch 58      48.05        5000.0            290000.0
epoch 59      49.42        5000.0            295000.0
epoch 60      50.22        5000.0            300000.0
epoch 61      49.09        5000.0            305000.0
epoch 62      50.25        5000.0            310000.0
epoch 63      47.65        5000.0            315000.0
epoch 64      46.93        5000.0            320000.0
epoch 65      46.63        5000.0            325000.0
epoch 66      48.36        5000.0            330000.0
epoch 67      48.32        5000.0            335000.0
epoch 68      48.60        5000.0            340000.0
epoch 69      48.13        5000.0            345000.0
epoch 70      47.79        5000.0            350000.0
epoch 71      48.82        5000.0            355000.0
epoch 72      46.81        5000.0            360000.0
epoch 73      46.80        5000.0            365000.0
epoch 74      47.97        5000.0            370000.0
epoch 75      47.91        5000.0            375000.0
epoch 76      46.47        5000.0            380000.0
epoch 77      46.17        5000.0            385000.0
epoch 78      48.88        5000.0            390000.0
epoch 79      47.54        5000.0            395000.0
epoch 80      47.23        5000.0            400000.0
epoch 81      48.58        5000.0            405000.0
epoch 82      49.37        5000.0            410000.0
epoch 83      49.64        5000.0            415000.0
epoch 84      48.64        5000.0            420000.0
epoch 85      48.64        5000.0            425000.0
epoch 86      49.45        5000.0            430000.0
epoch 87      48.39        5000.0            435000.0
epoch 88      49.81        5000.0            440000.0
epoch 89      48.14        5000.0            445000.0
epoch 90      47.64        5000.0            450000.0
epoch 91      48.60        5000.0            455000.0
epoch 92      48.04        5000.0            460000.0
epoch 93      50.87        5000.0            465000.0
epoch 94      49.31        5000.0            470000.0
epoch 95      49.83        5000.0            475000.0
epoch 96      51.63        5000.0            480000.0
epoch 97      52.21        5000.0            485000.0
epoch 98      51.71        5000.0            490000.0
epoch 99      51.57        5000.0            495000.0
epoch 100     50.78        5000.0            500000.0
-----------------------------------------------------------------------------------------------------------------------
Dataset: FASHIONMNIST
Learning rate of S: 0.01
Learning rate of G: 0.001
z_dim: 128
Number of epochs:100
Step timings: [0.1, 0.5, 0.9], and scale: 0.438
epoch_ds_S: 5, and G: 1
Total queries: 3000000
Attack success rate: 91.78999999999999%
Total time taken to run: 1612.25577044487
           accuracy  queries made  total queries made
epoch 1       15.87       30000.0             30000.0
epoch 2       29.26       30000.0             60000.0
epoch 3       36.46       30000.0             90000.0
epoch 4       34.36       30000.0            120000.0
epoch 5       38.83       30000.0            150000.0
epoch 6       41.68       30000.0            180000.0
epoch 7       39.14       30000.0            210000.0
epoch 8       40.93       30000.0            240000.0
epoch 9       43.58       30000.0            270000.0
epoch 10      43.96       30000.0            300000.0
epoch 11      46.25       30000.0            330000.0
epoch 12      46.99       30000.0            360000.0
epoch 13      47.83       30000.0            390000.0
epoch 14      47.55       30000.0            420000.0
epoch 15      46.29       30000.0            450000.0
epoch 16      43.97       30000.0            480000.0
epoch 17      44.57       30000.0            510000.0
epoch 18      43.42       30000.0            540000.0
epoch 19      43.38       30000.0            570000.0
epoch 20      44.49       30000.0            600000.0
epoch 21      42.91       30000.0            630000.0
epoch 22      43.28       30000.0            660000.0
epoch 23      43.44       30000.0            690000.0
epoch 24      43.28       30000.0            720000.0
epoch 25      45.65       30000.0            750000.0
epoch 26      45.25       30000.0            780000.0
epoch 27      46.21       30000.0            810000.0
epoch 28      46.81       30000.0            840000.0
epoch 29      45.62       30000.0            870000.0
epoch 30      47.32       30000.0            900000.0
epoch 31      46.02       30000.0            930000.0
epoch 32      45.60       30000.0            960000.0
epoch 33      47.42       30000.0            990000.0
epoch 34      46.10       30000.0           1020000.0
epoch 35      48.07       30000.0           1050000.0
epoch 36      52.57       30000.0           1080000.0
epoch 37      49.87       30000.0           1110000.0
epoch 38      52.81       30000.0           1140000.0
epoch 39      53.08       30000.0           1170000.0
epoch 40      50.42       30000.0           1200000.0
epoch 41      52.12       30000.0           1230000.0
epoch 42      52.70       30000.0           1260000.0
epoch 43      54.89       30000.0           1290000.0
epoch 44      53.49       30000.0           1320000.0
epoch 45      52.78       30000.0           1350000.0
epoch 46      54.68       30000.0           1380000.0
epoch 47      53.52       30000.0           1410000.0
epoch 48      56.89       30000.0           1440000.0
epoch 49      55.22       30000.0           1470000.0
epoch 50      53.09       30000.0           1500000.0
epoch 51      54.75       30000.0           1530000.0
epoch 52      57.46       30000.0           1560000.0
epoch 53      57.27       30000.0           1590000.0
epoch 54      57.04       30000.0           1620000.0
epoch 55      62.96       30000.0           1650000.0
epoch 56      60.69       30000.0           1680000.0
epoch 57      60.16       30000.0           1710000.0
epoch 58      60.40       30000.0           1740000.0
epoch 59      62.21       30000.0           1770000.0
epoch 60      63.92       30000.0           1800000.0
epoch 61      60.63       30000.0           1830000.0
epoch 62      61.98       30000.0           1860000.0
epoch 63      61.90       30000.0           1890000.0
epoch 64      61.09       30000.0           1920000.0
epoch 65      63.20       30000.0           1950000.0
epoch 66      62.07       30000.0           1980000.0
epoch 67      64.29       30000.0           2010000.0
epoch 68      62.70       30000.0           2040000.0
epoch 69      61.26       30000.0           2070000.0
epoch 70      61.51       30000.0           2100000.0
epoch 71      62.69       30000.0           2130000.0
epoch 72      62.72       30000.0           2160000.0
epoch 73      64.73       30000.0           2190000.0
epoch 74      64.23       30000.0           2220000.0
epoch 75      64.09       30000.0           2250000.0
epoch 76      63.58       30000.0           2280000.0
epoch 77      62.48       30000.0           2310000.0
epoch 78      63.47       30000.0           2340000.0
epoch 79      62.13       30000.0           2370000.0
epoch 80      66.28       30000.0           2400000.0
epoch 81      66.42       30000.0           2430000.0
epoch 82      66.45       30000.0           2460000.0
epoch 83      65.27       30000.0           2490000.0
epoch 84      67.02       30000.0           2520000.0
epoch 85      65.31       30000.0           2550000.0
epoch 86      64.77       30000.0           2580000.0
epoch 87      66.54       30000.0           2610000.0
epoch 88      65.54       30000.0           2640000.0
epoch 89      67.50       30000.0           2670000.0
epoch 90      66.05       30000.0           2700000.0
epoch 91      67.22       30000.0           2730000.0
epoch 92      67.19       30000.0           2760000.0
epoch 93      66.36       30000.0           2790000.0
epoch 94      68.60       30000.0           2820000.0
epoch 95      68.61       30000.0           2850000.0
epoch 96      69.26       30000.0           2880000.0
epoch 97      70.64       30000.0           2910000.0
epoch 98      68.80       30000.0           2940000.0
epoch 99      70.02       30000.0           2970000.0
epoch 100     69.78       30000.0           3000000.0
-----------------------------------------------------------------------------------------------------------------------
Dataset: FASHIONMNIST
Learning rate of S: 0.01
Learning rate of G: 0.001
z_dim: 128
Number of epochs:100
Step timings: [0.1, 0.5, 0.9], and scale: 0.3
epoch_ds_S: 5, and G: 1
Total queries: 500000
Attack success rate: 84.63%
Total time taken to run: 570.1765456199646
           accuracy  queries made  total queries made
epoch 1       10.47        5000.0              5000.0
epoch 2       11.20        5000.0             10000.0
epoch 3       10.99        5000.0             15000.0
epoch 4       15.70        5000.0             20000.0
epoch 5       11.78        5000.0             25000.0
epoch 6       21.58        5000.0             30000.0
epoch 7       21.93        5000.0             35000.0
epoch 8       22.92        5000.0             40000.0
epoch 9       26.19        5000.0             45000.0
epoch 10      28.58        5000.0             50000.0
epoch 11      31.26        5000.0             55000.0
epoch 12      33.66        5000.0             60000.0
epoch 13      34.60        5000.0             65000.0
epoch 14      34.50        5000.0             70000.0
epoch 15      34.01        5000.0             75000.0
epoch 16      35.14        5000.0             80000.0
epoch 17      35.70        5000.0             85000.0
epoch 18      36.44        5000.0             90000.0
epoch 19      37.09        5000.0             95000.0
epoch 20      36.91        5000.0            100000.0
epoch 21      37.54        5000.0            105000.0
epoch 22      38.11        5000.0            110000.0
epoch 23      39.40        5000.0            115000.0
epoch 24      39.87        5000.0            120000.0
epoch 25      39.86        5000.0            125000.0
epoch 26      40.06        5000.0            130000.0
epoch 27      41.04        5000.0            135000.0
epoch 28      40.81        5000.0            140000.0
epoch 29      40.15        5000.0            145000.0
epoch 30      39.91        5000.0            150000.0
epoch 31      40.55        5000.0            155000.0
epoch 32      40.35        5000.0            160000.0
epoch 33      40.66        5000.0            165000.0
epoch 34      40.56        5000.0            170000.0
epoch 35      40.10        5000.0            175000.0
epoch 36      39.93        5000.0            180000.0
epoch 37      40.46        5000.0            185000.0
epoch 38      40.71        5000.0            190000.0
epoch 39      39.71        5000.0            195000.0
epoch 40      39.85        5000.0            200000.0
epoch 41      40.22        5000.0            205000.0
epoch 42      39.54        5000.0            210000.0
epoch 43      39.50        5000.0            215000.0
epoch 44      38.87        5000.0            220000.0
epoch 45      39.70        5000.0            225000.0
epoch 46      39.86        5000.0            230000.0
epoch 47      40.41        5000.0            235000.0
epoch 48      39.43        5000.0            240000.0
epoch 49      41.13        5000.0            245000.0
epoch 50      39.88        5000.0            250000.0
epoch 51      40.04        5000.0            255000.0
epoch 52      40.39        5000.0            260000.0
epoch 53      40.37        5000.0            265000.0
epoch 54      40.81        5000.0            270000.0
epoch 55      40.02        5000.0            275000.0
epoch 56      40.18        5000.0            280000.0
epoch 57      40.22        5000.0            285000.0
epoch 58      39.89        5000.0            290000.0
epoch 59      39.05        5000.0            295000.0
epoch 60      39.87        5000.0            300000.0
epoch 61      40.10        5000.0            305000.0
epoch 62      40.16        5000.0            310000.0
epoch 63      40.29        5000.0            315000.0
epoch 64      39.81        5000.0            320000.0
epoch 65      39.56        5000.0            325000.0
epoch 66      40.12        5000.0            330000.0
epoch 67      40.13        5000.0            335000.0
epoch 68      40.52        5000.0            340000.0
epoch 69      40.24        5000.0            345000.0
epoch 70      40.87        5000.0            350000.0
epoch 71      40.85        5000.0            355000.0
epoch 72      40.34        5000.0            360000.0
epoch 73      40.68        5000.0            365000.0
epoch 74      40.00        5000.0            370000.0
epoch 75      40.71        5000.0            375000.0
epoch 76      40.89        5000.0            380000.0
epoch 77      40.89        5000.0            385000.0
epoch 78      40.30        5000.0            390000.0
epoch 79      40.44        5000.0            395000.0
epoch 80      40.39        5000.0            400000.0
epoch 81      40.17        5000.0            405000.0
epoch 82      40.02        5000.0            410000.0
epoch 83      40.28        5000.0            415000.0
epoch 84      39.78        5000.0            420000.0
epoch 85      40.37        5000.0            425000.0
epoch 86      40.52        5000.0            430000.0
epoch 87      40.53        5000.0            435000.0
epoch 88      40.06        5000.0            440000.0
epoch 89      40.79        5000.0            445000.0
epoch 90      40.96        5000.0            450000.0
epoch 91      40.20        5000.0            455000.0
epoch 92      40.46        5000.0            460000.0
epoch 93      40.32        5000.0            465000.0
epoch 94      40.54        5000.0            470000.0
epoch 95      40.27        5000.0            475000.0
epoch 96      40.30        5000.0            480000.0
epoch 97      40.38        5000.0            485000.0
epoch 98      40.93        5000.0            490000.0
epoch 99      40.86        5000.0            495000.0
epoch 100     40.81        5000.0            500000.0
-----------------------------------------------------------------------------------------------------------------------
Dataset: FASHIONMNIST
Learning rate of S: 0.01
Learning rate of G: 0.001
z_dim: 128
Number of epochs:100
Step timings: [0.1, 0.5, 0.9], and scale: 0.3
epoch_ds_S: 5, and G: 1
Total queries: 250000
Attack success rate: 80.88%
Total time taken to run: 465.28605031967163
           accuracy  queries made  total queries made
epoch 1       10.00        2500.0              2500.0
epoch 2       10.00        2500.0              5000.0
epoch 3       10.54        2500.0              7500.0
epoch 4       12.80        2500.0             10000.0
epoch 5       11.46        2500.0             12500.0
epoch 6       12.52        2500.0             15000.0
epoch 7       19.20        2500.0             17500.0
epoch 8       22.29        2500.0             20000.0
epoch 9       18.97        2500.0             22500.0
epoch 10      24.75        2500.0             25000.0
epoch 11      29.50        2500.0             27500.0
epoch 12      34.08        2500.0             30000.0
epoch 13      33.28        2500.0             32500.0
epoch 14      35.39        2500.0             35000.0
epoch 15      37.35        2500.0             37500.0
epoch 16      35.92        2500.0             40000.0
epoch 17      37.99        2500.0             42500.0
epoch 18      38.20        2500.0             45000.0
epoch 19      38.68        2500.0             47500.0
epoch 20      35.50        2500.0             50000.0
epoch 21      37.22        2500.0             52500.0
epoch 22      37.28        2500.0             55000.0
epoch 23      39.07        2500.0             57500.0
epoch 24      39.49        2500.0             60000.0
epoch 25      40.42        2500.0             62500.0
epoch 26      37.69        2500.0             65000.0
epoch 27      40.19        2500.0             67500.0
epoch 28      41.70        2500.0             70000.0
epoch 29      40.07        2500.0             72500.0
epoch 30      40.51        2500.0             75000.0
epoch 31      39.68        2500.0             77500.0
epoch 32      40.43        2500.0             80000.0
epoch 33      39.23        2500.0             82500.0
epoch 34      39.14        2500.0             85000.0
epoch 35      39.91        2500.0             87500.0
epoch 36      40.58        2500.0             90000.0
epoch 37      40.12        2500.0             92500.0
epoch 38      39.97        2500.0             95000.0
epoch 39      41.08        2500.0             97500.0
epoch 40      41.61        2500.0            100000.0
epoch 41      40.76        2500.0            102500.0
epoch 42      41.46        2500.0            105000.0
epoch 43      41.57        2500.0            107500.0
epoch 44      41.60        2500.0            110000.0
epoch 45      41.87        2500.0            112500.0
epoch 46      42.50        2500.0            115000.0
epoch 47      42.85        2500.0            117500.0
epoch 48      40.81        2500.0            120000.0
epoch 49      42.48        2500.0            122500.0
epoch 50      42.55        2500.0            125000.0
epoch 51      42.07        2500.0            127500.0
epoch 52      41.31        2500.0            130000.0
epoch 53      41.75        2500.0            132500.0
epoch 54      43.19        2500.0            135000.0
epoch 55      43.07        2500.0            137500.0
epoch 56      43.52        2500.0            140000.0
epoch 57      42.83        2500.0            142500.0
epoch 58      43.04        2500.0            145000.0
epoch 59      43.08        2500.0            147500.0
epoch 60      43.52        2500.0            150000.0
epoch 61      43.38        2500.0            152500.0
epoch 62      43.33        2500.0            155000.0
epoch 63      43.50        2500.0            157500.0
epoch 64      43.01        2500.0            160000.0
epoch 65      43.41        2500.0            162500.0
epoch 66      43.92        2500.0            165000.0
epoch 67      44.07        2500.0            167500.0
epoch 68      44.05        2500.0            170000.0
epoch 69      44.46        2500.0            172500.0
epoch 70      43.29        2500.0            175000.0
epoch 71      42.88        2500.0            177500.0
epoch 72      42.40        2500.0            180000.0
epoch 73      43.17        2500.0            182500.0
epoch 74      43.60        2500.0            185000.0
epoch 75      43.26        2500.0            187500.0
epoch 76      42.37        2500.0            190000.0
epoch 77      42.91        2500.0            192500.0
epoch 78      42.24        2500.0            195000.0
epoch 79      42.60        2500.0            197500.0
epoch 80      43.43        2500.0            200000.0
epoch 81      43.60        2500.0            202500.0
epoch 82      44.48        2500.0            205000.0
epoch 83      45.09        2500.0            207500.0
epoch 84      43.19        2500.0            210000.0
epoch 85      43.58        2500.0            212500.0
epoch 86      43.85        2500.0            215000.0
epoch 87      42.90        2500.0            217500.0
epoch 88      44.01        2500.0            220000.0
epoch 89      43.73        2500.0            222500.0
epoch 90      44.45        2500.0            225000.0
epoch 91      43.89        2500.0            227500.0
epoch 92      43.74        2500.0            230000.0
epoch 93      44.47        2500.0            232500.0
epoch 94      43.49        2500.0            235000.0
epoch 95      43.76        2500.0            237500.0
epoch 96      43.92        2500.0            240000.0
epoch 97      44.56        2500.0            242500.0
epoch 98      44.68        2500.0            245000.0
epoch 99      44.62        2500.0            247500.0
epoch 100     44.52        2500.0            250000.0
-----------------------------------------------------------------------------------------------------------------------
Dataset: FASHIONMNIST
Learning rate of S: 0.00857
Learning rate of G: 0.000734
z_dim: 128
Number of epochs:100
Step timings: [0.21, 0.6, 0.929], and scale: 0.3
epoch_ds_S: 5, and G: 1
Total queries: 500000
Attack success rate: 84.52%
Total time taken to run: 623.0945084095001
           accuracy  queries made  total queries made
epoch 1       10.10        5000.0              5000.0
epoch 2       13.36        5000.0             10000.0
epoch 3       13.34        5000.0             15000.0
epoch 4       13.32        5000.0             20000.0
epoch 5       15.71        5000.0             25000.0
epoch 6       14.82        5000.0             30000.0
epoch 7       19.71        5000.0             35000.0
epoch 8       23.16        5000.0             40000.0
epoch 9       24.96        5000.0             45000.0
epoch 10      25.23        5000.0             50000.0
epoch 11      28.40        5000.0             55000.0
epoch 12      26.87        5000.0             60000.0
epoch 13      34.90        5000.0             65000.0
epoch 14      34.71        5000.0             70000.0
epoch 15      36.90        5000.0             75000.0
epoch 16      38.26        5000.0             80000.0
epoch 17      37.00        5000.0             85000.0
epoch 18      37.85        5000.0             90000.0
epoch 19      39.23        5000.0             95000.0
epoch 20      40.50        5000.0            100000.0
epoch 21      41.55        5000.0            105000.0
epoch 22      43.15        5000.0            110000.0
epoch 23      42.79        5000.0            115000.0
epoch 24      42.25        5000.0            120000.0
epoch 25      42.55        5000.0            125000.0
epoch 26      43.36        5000.0            130000.0
epoch 27      42.83        5000.0            135000.0
epoch 28      42.27        5000.0            140000.0
epoch 29      41.98        5000.0            145000.0
epoch 30      43.51        5000.0            150000.0
epoch 31      42.29        5000.0            155000.0
epoch 32      43.08        5000.0            160000.0
epoch 33      42.15        5000.0            165000.0
epoch 34      44.05        5000.0            170000.0
epoch 35      44.02        5000.0            175000.0
epoch 36      42.92        5000.0            180000.0
epoch 37      42.59        5000.0            185000.0
epoch 38      43.11        5000.0            190000.0
epoch 39      43.39        5000.0            195000.0
epoch 40      45.28        5000.0            200000.0
epoch 41      41.27        5000.0            205000.0
epoch 42      43.85        5000.0            210000.0
epoch 43      44.94        5000.0            215000.0
epoch 44      45.03        5000.0            220000.0
epoch 45      44.03        5000.0            225000.0
epoch 46      45.57        5000.0            230000.0
epoch 47      45.87        5000.0            235000.0
epoch 48      45.74        5000.0            240000.0
epoch 49      45.91        5000.0            245000.0
epoch 50      45.50        5000.0            250000.0
epoch 51      44.79        5000.0            255000.0
epoch 52      47.56        5000.0            260000.0
epoch 53      47.57        5000.0            265000.0
epoch 54      46.05        5000.0            270000.0
epoch 55      47.77        5000.0            275000.0
epoch 56      47.35        5000.0            280000.0
epoch 57      49.34        5000.0            285000.0
epoch 58      46.08        5000.0            290000.0
epoch 59      46.34        5000.0            295000.0
epoch 60      46.31        5000.0            300000.0
epoch 61      47.41        5000.0            305000.0
epoch 62      47.18        5000.0            310000.0
epoch 63      48.52        5000.0            315000.0
epoch 64      48.51        5000.0            320000.0
epoch 65      48.57        5000.0            325000.0
epoch 66      48.49        5000.0            330000.0
epoch 67      49.10        5000.0            335000.0
epoch 68      48.90        5000.0            340000.0
epoch 69      48.43        5000.0            345000.0
epoch 70      49.36        5000.0            350000.0
epoch 71      49.65        5000.0            355000.0
epoch 72      49.80        5000.0            360000.0
epoch 73      49.04        5000.0            365000.0
epoch 74      49.40        5000.0            370000.0
epoch 75      49.65        5000.0            375000.0
epoch 76      50.46        5000.0            380000.0
epoch 77      49.99        5000.0            385000.0
epoch 78      50.18        5000.0            390000.0
epoch 79      50.02        5000.0            395000.0
epoch 80      50.45        5000.0            400000.0
epoch 81      50.83        5000.0            405000.0
epoch 82      50.43        5000.0            410000.0
epoch 83      50.13        5000.0            415000.0
epoch 84      51.11        5000.0            420000.0
epoch 85      50.13        5000.0            425000.0
epoch 86      49.23        5000.0            430000.0
epoch 87      50.14        5000.0            435000.0
epoch 88      49.92        5000.0            440000.0
epoch 89      51.23        5000.0            445000.0
epoch 90      51.49        5000.0            450000.0
epoch 91      51.93        5000.0            455000.0
epoch 92      50.52        5000.0            460000.0
epoch 93      51.22        5000.0            465000.0
epoch 94      51.46        5000.0            470000.0
epoch 95      51.77        5000.0            475000.0
epoch 96      51.48        5000.0            480000.0
epoch 97      51.61        5000.0            485000.0
epoch 98      51.37        5000.0            490000.0
epoch 99      51.87        5000.0            495000.0
epoch 100     51.52        5000.0            500000.0
-----------------------------------------------------------------------------------------------------------------------
