Dataset: FASHIONMNIST
Learning rate of S: 0.00857
Learning rate of G: 0.000734
z_dim: 128
Number of epochs:100
Step timings: [0.21, 0.6, 0.929], and scale: 0.438
epoch_ds_S: 5, and G: 1
Total queries: 3000000
Attack success rate: 57.3%
Total time taken to run: 1533.367597103119
           accuracy  queries made  total queries made
epoch 1        9.96       30000.0             30000.0
epoch 2        9.93       30000.0             60000.0
epoch 3        9.65       30000.0             90000.0
epoch 4       16.07       30000.0            120000.0
epoch 5       15.32       30000.0            150000.0
epoch 6       12.99       30000.0            180000.0
epoch 7       14.41       30000.0            210000.0
epoch 8       15.10       30000.0            240000.0
epoch 9       13.82       30000.0            270000.0
epoch 10      14.66       30000.0            300000.0
epoch 11      16.54       30000.0            330000.0
epoch 12      16.18       30000.0            360000.0
epoch 13      17.07       30000.0            390000.0
epoch 14      16.67       30000.0            420000.0
epoch 15      17.69       30000.0            450000.0
epoch 16      17.51       30000.0            480000.0
epoch 17      17.02       30000.0            510000.0
epoch 18      18.58       30000.0            540000.0
epoch 19      18.80       30000.0            570000.0
epoch 20      18.62       30000.0            600000.0
epoch 21      16.60       30000.0            630000.0
epoch 22      16.51       30000.0            660000.0
epoch 23      15.03       30000.0            690000.0
epoch 24      13.80       30000.0            720000.0
epoch 25      15.31       30000.0            750000.0
epoch 26      16.26       30000.0            780000.0
epoch 27      15.02       30000.0            810000.0
epoch 28      14.98       30000.0            840000.0
epoch 29      15.00       30000.0            870000.0
epoch 30      13.15       30000.0            900000.0
epoch 31      12.77       30000.0            930000.0
epoch 32      14.77       30000.0            960000.0
epoch 33      12.91       30000.0            990000.0
epoch 34      15.03       30000.0           1020000.0
epoch 35      15.01       30000.0           1050000.0
epoch 36      15.97       30000.0           1080000.0
epoch 37      17.11       30000.0           1110000.0
epoch 38      17.15       30000.0           1140000.0
epoch 39      17.37       30000.0           1170000.0
epoch 40      17.22       30000.0           1200000.0
epoch 41      16.71       30000.0           1230000.0
epoch 42      16.72       30000.0           1260000.0
epoch 43      17.13       30000.0           1290000.0
epoch 44      16.99       30000.0           1320000.0
epoch 45      16.78       30000.0           1350000.0
epoch 46      16.75       30000.0           1380000.0
epoch 47      17.37       30000.0           1410000.0
epoch 48      16.78       30000.0           1440000.0
epoch 49      17.13       30000.0           1470000.0
epoch 50      14.51       30000.0           1500000.0
epoch 51      15.44       30000.0           1530000.0
epoch 52      12.99       30000.0           1560000.0
epoch 53      16.96       30000.0           1590000.0
epoch 54      16.91       30000.0           1620000.0
epoch 55      14.25       30000.0           1650000.0
epoch 56      17.29       30000.0           1680000.0
epoch 57      16.45       30000.0           1710000.0
epoch 58      16.87       30000.0           1740000.0
epoch 59      15.72       30000.0           1770000.0
epoch 60      15.98       30000.0           1800000.0
epoch 61      16.09       30000.0           1830000.0
epoch 62      15.75       30000.0           1860000.0
epoch 63      16.13       30000.0           1890000.0
epoch 64      15.28       30000.0           1920000.0
epoch 65      15.65       30000.0           1950000.0
epoch 66      15.06       30000.0           1980000.0
epoch 67      15.58       30000.0           2010000.0
epoch 68      15.15       30000.0           2040000.0
epoch 69      15.22       30000.0           2070000.0
epoch 70      14.65       30000.0           2100000.0
epoch 71      14.05       30000.0           2130000.0
epoch 72      14.78       30000.0           2160000.0
epoch 73      14.51       30000.0           2190000.0
epoch 74      14.44       30000.0           2220000.0
epoch 75      14.27       30000.0           2250000.0
epoch 76      14.60       30000.0           2280000.0
epoch 77      14.56       30000.0           2310000.0
epoch 78      15.03       30000.0           2340000.0
epoch 79      14.62       30000.0           2370000.0
epoch 80      14.91       30000.0           2400000.0
epoch 81      14.95       30000.0           2430000.0
epoch 82      14.63       30000.0           2460000.0
epoch 83      14.93       30000.0           2490000.0
epoch 84      14.91       30000.0           2520000.0
epoch 85      15.27       30000.0           2550000.0
epoch 86      15.17       30000.0           2580000.0
epoch 87      14.74       30000.0           2610000.0
epoch 88      14.56       30000.0           2640000.0
epoch 89      15.68       30000.0           2670000.0
epoch 90      15.68       30000.0           2700000.0
epoch 91      15.69       30000.0           2730000.0
epoch 92      15.88       30000.0           2760000.0
epoch 93      15.32       30000.0           2790000.0
epoch 94      15.74       30000.0           2820000.0
epoch 95      16.10       30000.0           2850000.0
epoch 96      15.34       30000.0           2880000.0
epoch 97      15.62       30000.0           2910000.0
epoch 98      15.59       30000.0           2940000.0
epoch 99      15.95       30000.0           2970000.0
epoch 100     15.56       30000.0           3000000.0
-----------------------------------------------------------------------------------------------------------------------
Dataset: FASHIONMNIST
Learning rate of S: 0.00857
Learning rate of G: 0.000734
z_dim: 128
Number of epochs:100
Step timings: [0.21, 0.6, 0.929], and scale: 0.438
epoch_ds_S: 5, and G: 1
Total queries: 3000000
Attack success rate: 59.47%
Total time taken to run: 1503.0281736850739
           accuracy  queries made  total queries made
epoch 1       17.91       30000.0             30000.0
epoch 2       33.55       30000.0             60000.0
epoch 3       28.09       30000.0             90000.0
epoch 4       20.68       30000.0            120000.0
epoch 5       19.74       30000.0            150000.0
epoch 6       22.47       30000.0            180000.0
epoch 7       23.95       30000.0            210000.0
epoch 8       21.42       30000.0            240000.0
epoch 9       23.30       30000.0            270000.0
epoch 10      22.90       30000.0            300000.0
epoch 11      34.39       30000.0            330000.0
epoch 12      29.96       30000.0            360000.0
epoch 13      28.82       30000.0            390000.0
epoch 14      28.28       30000.0            420000.0
epoch 15      22.46       30000.0            450000.0
epoch 16      31.39       30000.0            480000.0
epoch 17      26.36       30000.0            510000.0
epoch 18      35.95       30000.0            540000.0
epoch 19      31.83       30000.0            570000.0
epoch 20      31.37       30000.0            600000.0
epoch 21      32.28       30000.0            630000.0
epoch 22      33.51       30000.0            660000.0
epoch 23      31.89       30000.0            690000.0
epoch 24      32.73       30000.0            720000.0
epoch 25      35.49       30000.0            750000.0
epoch 26      34.54       30000.0            780000.0
epoch 27      34.72       30000.0            810000.0
epoch 28      29.53       30000.0            840000.0
epoch 29      30.59       30000.0            870000.0
epoch 30      26.60       30000.0            900000.0
epoch 31      29.67       30000.0            930000.0
epoch 32      29.54       30000.0            960000.0
epoch 33      30.46       30000.0            990000.0
epoch 34      29.56       30000.0           1020000.0
epoch 35      21.12       30000.0           1050000.0
epoch 36      22.52       30000.0           1080000.0
epoch 37      18.27       30000.0           1110000.0
epoch 38      16.55       30000.0           1140000.0
epoch 39      22.60       30000.0           1170000.0
epoch 40      27.61       30000.0           1200000.0
epoch 41      20.79       30000.0           1230000.0
epoch 42      25.08       30000.0           1260000.0
epoch 43      15.06       30000.0           1290000.0
epoch 44      15.53       30000.0           1320000.0
epoch 45      10.19       30000.0           1350000.0
epoch 46      10.03       30000.0           1380000.0
epoch 47      12.72       30000.0           1410000.0
epoch 48      25.96       30000.0           1440000.0
epoch 49      20.79       30000.0           1470000.0
epoch 50      21.03       30000.0           1500000.0
epoch 51      19.53       30000.0           1530000.0
epoch 52      16.92       30000.0           1560000.0
epoch 53      22.11       30000.0           1590000.0
epoch 54      15.45       30000.0           1620000.0
epoch 55      18.78       30000.0           1650000.0
epoch 56      18.15       30000.0           1680000.0
epoch 57      17.93       30000.0           1710000.0
epoch 58      15.50       30000.0           1740000.0
epoch 59      18.95       30000.0           1770000.0
epoch 60      21.38       30000.0           1800000.0
epoch 61      17.33       30000.0           1830000.0
epoch 62      21.17       30000.0           1860000.0
epoch 63      24.03       30000.0           1890000.0
epoch 64      21.75       30000.0           1920000.0
epoch 65      14.43       30000.0           1950000.0
epoch 66      17.45       30000.0           1980000.0
epoch 67      13.75       30000.0           2010000.0
epoch 68      10.22       30000.0           2040000.0
epoch 69      11.02       30000.0           2070000.0
epoch 70      15.74       30000.0           2100000.0
epoch 71      11.99       30000.0           2130000.0
epoch 72      11.23       30000.0           2160000.0
epoch 73      12.60       30000.0           2190000.0
epoch 74      12.63       30000.0           2220000.0
epoch 75      16.34       30000.0           2250000.0
epoch 76      15.45       30000.0           2280000.0
epoch 77      22.75       30000.0           2310000.0
epoch 78      13.82       30000.0           2340000.0
epoch 79      14.18       30000.0           2370000.0
epoch 80      15.01       30000.0           2400000.0
epoch 81      22.58       30000.0           2430000.0
epoch 82      10.58       30000.0           2460000.0
epoch 83      10.09       30000.0           2490000.0
epoch 84      10.01       30000.0           2520000.0
epoch 85      11.02       30000.0           2550000.0
epoch 86      10.51       30000.0           2580000.0
epoch 87      13.76       30000.0           2610000.0
epoch 88       9.42       30000.0           2640000.0
epoch 89       8.74       30000.0           2670000.0
epoch 90       4.37       30000.0           2700000.0
epoch 91       7.32       30000.0           2730000.0
epoch 92       8.57       30000.0           2760000.0
epoch 93       9.95       30000.0           2790000.0
epoch 94       7.88       30000.0           2820000.0
epoch 95       7.77       30000.0           2850000.0
epoch 96      10.30       30000.0           2880000.0
epoch 97      11.50       30000.0           2910000.0
epoch 98      10.20       30000.0           2940000.0
epoch 99      11.66       30000.0           2970000.0
epoch 100     10.94       30000.0           3000000.0

This one is actually both SGD
-----------------------------------------------------------------------------------------------------------------------
Dataset: FASHIONMNIST
Learning rate of S: 0.00191
Learning rate of G: 0.003683
z_dim: 128
Number of epochs:100
Step timings: [0.081, 0.446, 0.883], and scale: 0.368
epoch_ds_S: 5, and G: 1
Total queries: 3000000
Attack success rate: 81.35%
Total time taken to run: 1618.3057413101196
           accuracy  queries made  total queries made
epoch 1       15.59       30000.0             30000.0
epoch 2       29.99       30000.0             60000.0
epoch 3       33.03       30000.0             90000.0
epoch 4       38.52       30000.0            120000.0
epoch 5       35.90       30000.0            150000.0
epoch 6       36.47       30000.0            180000.0
epoch 7       37.60       30000.0            210000.0
epoch 8       38.22       30000.0            240000.0
epoch 9       38.03       30000.0            270000.0
epoch 10      36.48       30000.0            300000.0
epoch 11      34.75       30000.0            330000.0
epoch 12      33.66       30000.0            360000.0
epoch 13      34.16       30000.0            390000.0
epoch 14      33.87       30000.0            420000.0
epoch 15      33.52       30000.0            450000.0
epoch 16      33.63       30000.0            480000.0
epoch 17      33.15       30000.0            510000.0
epoch 18      35.85       30000.0            540000.0
epoch 19      34.86       30000.0            570000.0
epoch 20      32.78       30000.0            600000.0
epoch 21      30.12       30000.0            630000.0
epoch 22      29.17       30000.0            660000.0
epoch 23      34.36       30000.0            690000.0
epoch 24      32.50       30000.0            720000.0
epoch 25      34.21       30000.0            750000.0
epoch 26      33.37       30000.0            780000.0
epoch 27      31.84       30000.0            810000.0
epoch 28      33.34       30000.0            840000.0
epoch 29      32.27       30000.0            870000.0
epoch 30      33.37       30000.0            900000.0
epoch 31      31.36       30000.0            930000.0
epoch 32      31.12       30000.0            960000.0
epoch 33      34.48       30000.0            990000.0
epoch 34      33.81       30000.0           1020000.0
epoch 35      33.46       30000.0           1050000.0
epoch 36      35.73       30000.0           1080000.0
epoch 37      36.52       30000.0           1110000.0
epoch 38      36.04       30000.0           1140000.0
epoch 39      35.88       30000.0           1170000.0
epoch 40      34.66       30000.0           1200000.0
epoch 41      35.21       30000.0           1230000.0
epoch 42      32.89       30000.0           1260000.0
epoch 43      34.71       30000.0           1290000.0
epoch 44      34.46       30000.0           1320000.0
epoch 45      34.42       30000.0           1350000.0
epoch 46      34.26       30000.0           1380000.0
epoch 47      35.06       30000.0           1410000.0
epoch 48      34.92       30000.0           1440000.0
epoch 49      35.51       30000.0           1470000.0
epoch 50      35.36       30000.0           1500000.0
epoch 51      35.43       30000.0           1530000.0
epoch 52      35.30       30000.0           1560000.0
epoch 53      35.98       30000.0           1590000.0
epoch 54      37.43       30000.0           1620000.0
epoch 55      37.00       30000.0           1650000.0
epoch 56      38.24       30000.0           1680000.0
epoch 57      39.16       30000.0           1710000.0
epoch 58      39.56       30000.0           1740000.0
epoch 59      39.51       30000.0           1770000.0
epoch 60      40.17       30000.0           1800000.0
epoch 61      39.26       30000.0           1830000.0
epoch 62      41.25       30000.0           1860000.0
epoch 63      39.87       30000.0           1890000.0
epoch 64      39.81       30000.0           1920000.0
epoch 65      41.16       30000.0           1950000.0
epoch 66      40.43       30000.0           1980000.0
epoch 67      40.37       30000.0           2010000.0
epoch 68      39.89       30000.0           2040000.0
epoch 69      39.24       30000.0           2070000.0
epoch 70      38.89       30000.0           2100000.0
epoch 71      39.47       30000.0           2130000.0
epoch 72      40.07       30000.0           2160000.0
epoch 73      40.20       30000.0           2190000.0
epoch 74      40.83       30000.0           2220000.0
epoch 75      41.30       30000.0           2250000.0
epoch 76      39.94       30000.0           2280000.0
epoch 77      40.36       30000.0           2310000.0
epoch 78      39.50       30000.0           2340000.0
epoch 79      40.29       30000.0           2370000.0
epoch 80      41.04       30000.0           2400000.0
epoch 81      41.77       30000.0           2430000.0
epoch 82      40.87       30000.0           2460000.0
epoch 83      41.26       30000.0           2490000.0
epoch 84      40.40       30000.0           2520000.0
epoch 85      41.75       30000.0           2550000.0
epoch 86      41.41       30000.0           2580000.0
epoch 87      40.58       30000.0           2610000.0
epoch 88      42.03       30000.0           2640000.0
epoch 89      42.00       30000.0           2670000.0
epoch 90      41.88       30000.0           2700000.0
epoch 91      42.33       30000.0           2730000.0
epoch 92      41.98       30000.0           2760000.0
epoch 93      42.49       30000.0           2790000.0
epoch 94      42.21       30000.0           2820000.0
epoch 95      41.89       30000.0           2850000.0
epoch 96      42.31       30000.0           2880000.0
epoch 97      41.75       30000.0           2910000.0
epoch 98      42.22       30000.0           2940000.0
epoch 99      42.16       30000.0           2970000.0
epoch 100     41.90       30000.0           3000000.0
-----------------------------------------------------------------------------------------------------------------------
